15
JetAirways
123645
Mumbai
NewDelhi
1110101
12 10
13 30
6 6
111322
111322
111322
111322
111322
111322
3 burger 40 coldDrink 30 popcorn 50
0
2000 3000
SpiceJet
546321
NewDelhi
Hyderabad
1011100
1 23
4 50
8 8
11132231
11132231
11132231
11132231
11132231
11132231
11132231
11132231
1 chips 30
0
5000 8000
GoAir
634521
Mumbai
NewDelhi
1001100
21 02
23 12
10 10
1113223111
1113223111
1113223111
1113223111
1113223111
1113223111
1113223111
1113223111
1113223111
1113223111
2 biryani 100 pasta 40
0
2450 4100
Indigo
251436
Jodhpur
Shimla
1100101
18 15
19 55
7 7
1111322
1111322
1111322
1111322
1111322
1111322
1111322
0
0
1980 3180
Vistara
279158
Chennai
Kolkata
1011000
4 34
7 50
7 4
1131
1131
1131
1131
1131
1131
1131
4 pizza 200 Noodles 40 ColdDrink 40 Burger 50
0
3022 4598
AirIndia
420863
Pune
Guwahti
1111100
10 15
14 10
10 7 
1111322
1111322
1111322
1111322
1111322
1111322
1111322
1111322
1111322
1111322
1 Noodles 40 
0
2450 3290
AirAsiaIndia
397106
Amritsar
Mumbai
1100000
14 15
16 40
15 10
1113223111
1113223111
1113223111
1113223111
1113223111
1113223111
1113223111
1113223111
1113223111
1113223111
1113223111
1113223111
1113223111
1113223111
1113223111
3 Maggie 30  ChickenCurry 70 Roti 20 
0
2280 3565
JetAirways
901262
NewDelhi
Chennai
0011111
10 15
14 30
9 6
111322
111322
111322
111322
111322
111322
111322
111322
111322
0 
0
3450 5250
Indigo
198634
Jodhpur
Prayagraj
1111000
15 30
17 00
7 12
111132231111
111132231111
111132231111
111132231111
111132231111
111132231111
111132231111
1 ColdCoffee 70 
0
2300 4000
SpiceJet
059823
Chandigarh
Hyderabad
0010000
5 40
8 55
15 9
111131111
111131111
111131111
111131111
111131111
111131111
111131111
111131111
111131111
111131111
111131111
111131111
111131111
111131111
111131111
2 Tea 20 ColdCoffee 70 
0
3400 4600
GoAir
710347
Mumbai
NewDelhi
1010110
8 20
12 12
13 4
1132
1132
1132
1132
1132
1132
1132
1132
1132
1132
1132
1132
1132
3 Eggroll 40 ColdCoffee 70 omelette 40 
0
3000 4230
Vistara
570098
Nagpur
Indore
1000011
11 50
13 30
10 6
113222
113222
113222
113222
113222
113222
113222
113222
113222
113222
0  
0
2400 4500
AirAsiaIndia
891103
Mumbai
NewDelhi
1110000
20 20
23 40
14 8
11322222
11322222
11322222
11322222
11322222
11322222
11322222
11322222
11322222
11322222
11322222
11322222
11322222
11322222
2 BreadOmeletee 50 TomatoSoup 50  
0
2950 4500
SpiceJet
501921
Mumbai
Indore
1111111
17 20
19 50
20 12
111132231132
111132231132
111132231132
111132231132
111132231132
111132231132
111132231132
111132231132
111132231132
111132231132
111132231132
111132231132
111132231132
111132231132
111132231132
111132231132
111132231132
111132231132
111132231132
111132231132
4 Maggie 40 pizza 200 BreadOmeletee 50 TomatoSoup 50  
0
2600 3890
AirIndia
344198
Mumbai
NewDelhi
1000001
12 05
14 50
11 9
111132231
111132231
111132231
111132231
111132231
111132231
111132231
111132231
111132231
111132231
111132231
1 TomatoSoup 50  
0
3100 5000
